4 1 0 0 0 0 1 0 0 0 0 1 0 35 0 0 0 69 34 35 0 70 71 70 30
4 1 0 0 0 0 1 0 0 0 0 1 0 30 0 0 0 64 44 53 0 68 84 85 50
4 1 0 0 0 0 1 0 0 0 0 1 0 40 0 0 0 69 34 35 0 129 195 149 101
4 1 0 0 0 0 1 0 0 0 0 1 0 70 0 0 0 64 44 53 0 59 79 81 32
4 1 0 0 0 0 1 0 0 0 0 1 0 45 0 0 0 64 44 53 0 82 93 94 99
2 1 0 0 0 0 1 0 0 0 0 1 0 20 0 0 0 69 40 35 0 70 57 58 43
1 1 0 0 0 0 1 0 0 0 0 1 0 45 0 0 0 45 34 35 0 160 213 167 125
4 1 0 0 0 0 1 0 0 0 0 1 0 12 0 0 0 69 34 35 0 137 149 146 135
4 1 0 0 0 0 1 0 0 0 0 1 0 40 0 0 0 69 34 35 0 70 71 70 40
4 1 0 0 0 0 1 0 0 0 0 1 0 70 0 0 0 69 34 35 0 65 69 68 30
4 1 0 0 0 0 1 0 0 0 0 1 0 15 0 0 0 64 44 53 0 68 70 73 36 
4 1 0 0 0 0 1 0 0 0 0 1 0 35 0 0 0 64 44 53 0 79 90 91 44
4 1 0 0 0 0 1 0 0 0 0 1 0 50 0 0 0 64 44 53 0 63 81 83 41
4 1 0 0 0 0 1 0 0 0 0 1 0 40 0 0 0 64 44 53 0 72 85 86 58
4 1 0 0 0 0 1 0 0 0 0 1 0 26 0 0 0 64 44 53 0 109 214 189 199
2 1 0 0 0 0 1 0 0 0 0 1 0 26 0 0 0 69 20 35 0 73 55 72 52
2 1 0 0 0 0 1 0 0 0 0 1 0 26 0 0 0 69 15 35 0 69 66 68 47
2 1 0 0 0 0 1 0 0 0 0 1 0 6 0 0 0 69 20 35 0 76 54 63 53
2 1 0 0 0 0 1 0 0 0 0 1 0 20 0 0 0 69 45 35 0 75 51 63 62
2 1 0 0 0 0 1 0 0 0 0 1 0 72 0 0 0 64 10 53 0 72 75 78 57
2 1 0 0 0 0 1 0 0 0 0 1 0 6 0 0 0 69 20 35 0 69 54 58 47
2 1 0 0 0 0 1 0 0 0 0 1 0 10 0 0 0 64 45 53 0 98 116 111 98
1 1 0 0 0 0 1 0 0 0 0 1 0 50 0 0 0 90 34 35 0 153 136 96 96
1 1 0 0 0 0 1 0 0 0 0 1 0 50 0 0 0 50 34 35 0 132 135 95 96
1 1 0 0 0 0 1 0 0 0 0 1 0 18 0 0 0 15 34 35 0 92 55 56 41
1 1 0 0 0 0 1 0 0 0 0 1 0 60 0 0 0 30 44 53 0 106 231 185 223
1 1 0 0 0 0 1 0 0 0 0 1 0 45 0 0 0 80 34 35 0 87 140 100 102
1 1 0 0 0 0 1 0 0 0 0 1 0 18 0 0 0 45 44 53 0 106 139 135 109
2 1 0 0 0 0 1 0 0 0 0 1 0 8 0 0 0 64 60 53 0 101 91 74 58
2 1 0 0 0 0 1 0 0 0 0 1 0 6 0 0 0 69 2 35 0 70 42 58 44
2 1 0 0 0 0 1 0 0 0 0 1 0 20 0 0 0 69 5 35 0 70 50 70 45
2 1 0 0 0 0 1 0 0 0 0 1 0 45 0 0 0 69 15 35 0 73 67 73 54
2 1 0 0 0 0 1 0 0 0 0 1 0 70 0 0 0 64 45 53 0 70 73 86 57
2 1 0 0 0 0 1 0 0 0 0 1 0 4 0 0 0 69 10 35 0 70 63 62 50
2 1 0 0 0 0 1 0 0 0 0 1 0 40 0 0 0 69 15 35 0 75 50 67 46
2 1 0 0 0 0 1 0 0 0 0 1 0 35 0 0 0 69 10 35 0 73 58 71 50
2 1 0 0 0 0 1 0 0 0 0 1 0 40 0 0 0 64 45 53 0 90 79 98 76
2 1 0 0 0 0 1 0 0 0 0 1 0 4 0 0 0 64 30 53 0 60 71 73 53
2 1 0 0 0 0 1 0 0 0 0 1 0 15 0 0 0 64 55 53 0 71 80 84 57
1 1 0 0 0 0 1 0 0 0 0 1 0 26 0 0 0 30 34 35 0 158 169 130 96
1 1 0 0 0 0 1 0 0 0 0 1 0 26 0 0 0 75 34 35 0 137 135 95 87
1 1 0 0 0 0 1 0 0 0 0 1 0 70 0 0 0 40 34 35 0 162 138 98 88
1 1 0 0 0 0 1 0 0 0 0 1 0 70 0 0 0 30 34 35 0 136 142 102 97
1 1 0 0 0 0 1 0 0 0 0 1 0 45 0 0 0 40 44 53 0 116 165 125 105
1 1 0 0 0 0 1 0 0 0 0 1 0 8 0 0 0 45 44 53 0 122 130 125 100
1 1 0 0 0 0 1 0 0 0 0 1 0 70 0 0 0 20 34 35 0 127 143 104 108
1 1 0 0 0 0 1 0 0 0 0 1 0 26 0 0 0 60 44 53 0 105 160 120 101
1 1 0 0 0 0 1 0 0 0 0 1 0 50 0 0 0 40 34 35 0 60 70 69 49
1 1 0 0 0 0 1 0 0 0 0 1 0 10 0 0 0 50 44 53 0 82 68 72 52
1 1 0 0 0 0 1 0 0 0 0 1 0 30 0 0 0 75 34 35 0 114 169 130 97
1 1 0 0 0 0 1 0 0 0 0 1 0 60 0 0 0 90 44 53 0 88 177 137 115
1 1 0 0 0 0 1 0 0 0 0 1 0 30 0 0 0 85 44 53 0 118 156 135 97
2 1 0 0 0 0 1 0 0 0 0 1 0 30 0 0 0 69 15 35 0 73 64 71 49
2 1 0 0 0 0 1 0 0 0 0 1 0 50 0 0 0 64 30 53 0 72 74 88 60
2 1 0 0 0 0 1 0 0 0 0 1 0 6 0 0 0 64 15 53 0 56 66 73 53
2 1 0 0 0 0 1 0 0 0 0 1 0 30 0 0 0 69 30 35 0 126 126 140 146
2 1 0 0 0 0 1 0 0 0 0 1 0 12 0 0 0 69 45 35 0 137 119 151 146
2 1 0 0 0 0 1 0 0 0 0 1 0 36 0 0 0 64 10 53 0 136 170 182 149
2 1 0 0 0 0 1 0 0 0 0 1 0 30 0 0 0 69 40 35 0 133 145 144 134
2 1 0 0 0 0 1 0 0 0 0 1 0 35 0 0 0 64 50 53 0 106 196 170 146
2 1 0 0 0 0 1 0 0 0 0 1 0 6 0 0 0 69 40 35 0 126 140 144 152
2 1 0 0 0 0 1 0 0 0 0 1 0 6 0 0 0 64 25 53 0 170 160 187 178
2 1 0 0 0 0 1 0 0 0 0 1 0 8 0 0 0 64 25 53 0 125 169 186 154
2 1 0 0 0 0 1 0 0 0 0 1 0 6 0 0 0 69 5 35 0 118 109 132 128
2 1 0 0 0 0 1 0 0 0 0 1 0 12 0 0 0 64 75 53 0 141 193 180 152
3 1 0 0 0 0 1 0 0 0 0 1 0 30 0 0 0 69 34 10 0 117 189 116 146
4 1 0 0 0 0 1 0 0 0 0 1 0 35 0 0 0 64 44 53 0 144 269 222 172
3 1 0 0 0 0 1 0 0 0 0 1 0 35 0 0 0 69 34 45 0 127 191 131 146
2 1 0 0 0 0 1 0 0 0 0 1 0 60 0 0 0 64 40 53 0 117 193 186 151
2 1 0 0 0 0 1 0 0 0 0 1 0 60 0 0 0 64 45 53 0 143 191 182 155
2 1 0 0 0 0 1 0 0 0 0 1 0 12 0 0 0 64 40 53 0 138 85 190 163
2 1 0 0 0 0 1 0 0 0 0 1 0 10 0 0 0 69 30 35 0 122 113 144 139
2 1 0 0 0 0 1 0 0 0 0 1 0 10 0 0 0 69 25 35 0 131 113 161 147
2 1 0 0 0 0 1 0 0 0 0 1 0 15 0 0 0 69 75 35 0 126 114 135 141
2 1 0 0 0 0 1 0 0 0 0 1 0 10 0 0 0 64 30 53 0 148 211 189 153
2 1 0 0 0 0 1 0 0 0 0 1 0 8 0 0 0 64 50 53 0 125 200 178 186
2 1 0 0 0 0 1 0 0 0 0 1 0 30 0 0 0 69 30 35 0 116 167 134 132
4 1 0 0 0 0 1 0 0 0 0 1 0 20 0 0 0 64 44 53 0 137 195 191 135
4 1 0 0 0 0 1 0 0 0 0 1 0 70 0 0 0 64 44 53 0 98 203 182 228
3 1 0 0 0 0 1 0 0 0 0 1 0 20 0 0 0 69 34 30 0 125 187 128 130
3 1 0 0 0 0 1 0 0 0 0 1 0 60 0 0 0 69 34 60 0 148 205 163 147
4 1 0 0 0 0 1 0 0 0 0 1 0 70 0 0 0 64 44 53 0 59 78 75 32
2 1 0 0 0 0 1 0 0 0 0 1 0 8 0 0 0 69 1 35 0 69 46 57 53
2 1 0 0 0 0 1 0 0 0 0 1 0 30 0 0 0 69 25 35 0 72 97 71 44
1 1 0 0 0 0 1 0 0 0 0 1 0 70 0 0 0 25 44 53 0 86 160 120 104
2 1 0 0 0 0 1 0 0 0 0 1 0 60 0 0 0 69 10 35 0 67 68 72 49
4 1 0 0 0 0 1 0 0 0 0 1 0 20 0 0 0 64 44 53 0 77 70 68 41
2 1 0 0 0 0 1 0 0 0 0 1 0 15 0 0 0 69 10 35 0 69 51 70 48
4 1 0 0 0 0 1 0 0 0 0 1 0 30 0 0 0 64 44 53 0 77 85 80 46
2 1 0 0 0 0 1 0 0 0 0 1 0 26 0 0 0 64 20 53 0 71 80 85 58
2 1 0 0 0 0 1 0 0 0 0 1 0 35 0 0 0 64 20 53 0 58 74 72 52
2 1 0 0 0 0 1 0 0 0 0 1 0 12 0 0 0 69 10 35 0 71 67 71 54
4 1 0 0 0 0 1 0 0 0 0 1 0 70 0 0 0 64 44 53 0 100 160 120 70
1 1 0 0 0 0 1 0 0 0 0 1 0 50 0 0 0 30 44 53 0 158 83 84 58
1 1 0 0 0 0 1 0 0 0 0 1 0 40 0 0 0 45 44 53 0 136 233 186 154
1 1 0 0 0 0 1 0 0 0 0 1 0 70 0 0 0 30 34 35 0 103 149 109 94
3 1 0 0 0 0 1 0 0 0 0 1 0 10 0 0 0 69 34 5 0 77 61 64 51
1 1 0 0 0 0 1 0 0 0 0 1 0 26 0 0 0 45 34 35 0 197 196 150 136
3 1 0 0 0 0 1 0 0 0 0 1 0 50 0 0 0 64 44 40 0 129 223 201 156
4 1 0 0 0 0 1 0 0 0 0 1 0 70 0 0 0 64 44 53 0 123 223 190 135
3 1 0 0 0 0 1 0 0 0 0 1 0 30 0 0 0 69 34 15 0 71 72 64 61
4 1 0 0 0 0 1 0 0 0 0 1 0 50 0 0 0 64 44 53 0 99 201 180 122
4 1 0 0 0 0 1 0 0 0 0 1 0 20 0 0 0 69 34 35 0 68 55 57 46
4 1 0 0 0 0 1 0 0 0 0 1 0 32 0 0 0 64 44 53 0 133 223 177 167
4 1 0 0 0 0 1 0 0 0 0 1 0 27 0 0 0 64 44 53 0 136 231 185 238
3 1 0 0 0 0 1 0 0 0 0 1 0 30 0 0 0 69 34 30 0 123 195 114 138
4 1 0 0 0 0 1 0 0 0 0 1 0 35 0 0 0 69 34 35 0 128 187 141 112
4 1 0 0 0 0 1 0 0 0 0 1 0 40 0 0 0 64 44 53 0 100 203 178 143
4 1 0 0 0 0 1 0 0 0 0 1 0 60 0 0 0 64 44 53 0 82 93 94 49
4 1 0 0 0 0 1 0 0 0 0 1 0 40 0 0 0 64 44 53 0 105 208 183 121
4 1 0 0 0 0 1 0 0 0 0 1 0 70 0 0 0 69 34 35 0 79 78 77 38
4 1 0 0 0 0 1 0 0 0 0 1 0 70 0 0 0 64 44 53 0 139 234 187 128
1 1 0 0 0 0 1 0 0 0 0 1 0 30 0 0 0 60 44 53 0 120 84 85 55
1 1 0 0 0 0 1 0 0 0 0 1 0 35 0 0 0 30 44 53 0 72 109 110 69
1 1 0 0 0 0 1 0 0 0 0 1 0 60 0 0 0 55 34 35 0 81 85 84 42
1 1 0 0 0 0 1 0 0 0 0 1 0 45 0 0 0 40 34 35 0 77 71 70 54
3 1 0 0 0 0 1 0 0 0 0 1 0 45 0 0 0 69 34 40 0 65 69 45 48
3 1 0 0 0 0 1 0 0 0 0 1 0 6 0 0 0 69 34 20 0 149 168 143 135
1 1 0 0 0 0 1 0 0 0 0 1 0 36 0 0 0 90 34 35 0 161 193 147 127
1 1 0 0 0 0 1 0 0 0 0 1 0 20 0 0 0 10 34 35 0 80 72 71 55
1 1 0 0 0 0 1 0 0 0 0 1 0 20 0 0 0 25 44 53 0 90 68 72 51
1 1 0 0 0 0 1 0 0 0 0 1 0 26 0 0 0 99 34 35 0 138 193 147 134
1 1 0 0 0 0 1 0 0 0 0 1 0 29 0 0 0 30 34 35 0 115 191 145 157
1 1 0 0 0 0 1 0 0 0 0 1 0 8 0 0 0 35 44 53 0 119 186 183 153
3 1 0 0 0 0 1 0 0 0 0 1 0 32 0 0 0 69 34 15 0 123 197 111 137
3 1 0 0 0 0 1 0 0 0 0 1 0 45 0 0 0 64 44 30 0 129 222 152 155
4 1 0 0 0 0 1 0 0 0 0 1 0 45 0 0 0 64 44 53 0 112 222 190 145
3 1 0 0 0 0 1 0 0 0 0 1 0 26 0 0 0 64 44 30 0 129 220 154 151
4 1 0 0 0 0 1 0 0 0 0 1 0 60 0 0 0 69 34 35 0 71 71 70 46
2 1 0 0 0 0 1 0 0 0 0 1 0 10 0 0 0 64 10 53 0 77 92 78 63
4 1 0 0 0 0 1 0 0 0 0 1 0 45 0 0 0 64 44 53 0 131 222 176 102
4 1 0 0 0 0 1 0 0 0 0 1 0 60 0 0 0 64 44 53 0 108 207 175 116
3 1 0 0 0 0 1 0 0 0 0 1 0 60 0 0 0 69 34 15 0 129 196 136 136
3 1 0 0 0 0 1 0 0 0 0 1 0 8 0 0 0 69 34 25 0 119 142 104 133
4 1 0 0 0 0 1 0 0 0 0 1 0 60 0 0 0 64 44 53 0 127 239 192 134
4 1 0 0 0 0 1 0 0 0 0 1 0 12 0 0 0 64 44 53 0 138 217 213 128
4 1 0 0 0 0 1 0 0 0 0 1 0 45 0 0 0 69 34 35 0 123 190 144 117
3 1 0 0 0 0 1 0 0 0 0 1 0 50 0 0 0 69 34 5 0 132 194 157 157
3 1 0 0 0 0 1 0 0 0 0 1 0 26 0 0 0 69 34 45 0 113 182 122 125
4 1 0 0 0 0 1 0 0 0 0 1 0 35 0 0 0 64 44 53 0 101 205 173 103
2 1 0 0 0 0 1 0 0 0 0 1 0 12 0 0 0 69 30 35 0 125 146 143 147
2 1 0 0 0 0 1 0 0 0 0 1 0 15 0 0 0 69 30 35 0 140 158 146 141
2 1 0 0 0 0 1 0 0 0 0 1 0 12 0 0 0 64 99 53 0 117 171 193 150
2 1 0 0 0 0 1 0 0 0 0 1 0 35 0 0 0 64 25 53 0 119 183 183 149
2 1 0 0 0 0 1 0 0 0 0 1 0 26 0 0 0 69 15 35 0 129 108 140 140
2 1 0 0 0 0 1 0 0 0 0 1 0 6 0 0 0 69 45 35 0 121 109 134 131
2 1 0 0 0 0 1 0 0 0 0 1 0 4 0 0 0 69 30 35 0 124 115 140 140
2 1 0 0 0 0 1 0 0 0 0 1 0 40 0 0 0 64 10 53 0 128 152 183 155
2 1 0 0 0 0 1 0 0 0 0 1 0 40 0 0 0 64 10 53 0 168 208 206 188
1 1 0 0 0 0 1 0 0 0 0 1 0 60 0 0 0 45 34 35 0 123 190 144 144
1 1 0 0 0 0 1 0 0 0 0 1 0 4 0 0 0 45 34 35 0 150 156 153 143
1 1 0 0 0 0 1 0 0 0 0 1 0 50 0 0 0 60 34 35 0 129 220 170 148
1 1 0 0 0 0 1 0 0 0 0 1 0 60 0 0 0 60 44 53 0 190 234 187 166
1 1 0 0 0 0 1 0 0 0 0 1 0 70 0 0 0 60 34 35 0 133 193 147 142
1 1 0 0 0 0 1 0 0 0 0 1 0 40 0 0 0 60 44 53 0 93 85 86 58
1 1 0 0 0 0 1 0 0 0 0 1 0 35 0 0 0 45 44 53 0 85 81 82 52
1 1 0 0 0 0 1 0 0 0 0 1 0 60 0 0 0 75 44 53 0 192 245 193 170
1 1 0 0 0 0 1 0 0 0 0 1 0 60 0 0 0 30 34 35 0 112 208 162 159
1 1 0 0 0 0 1 0 0 0 0 1 0 50 0 0 0 90 44 53 0 89 89 90 57
1 1 0 0 0 0 1 0 0 0 0 1 0 40 0 0 0 45 44 53 0 96 96 98 49
1 1 0 0 0 0 1 0 0 0 0 1 0 60 0 0 0 60 34 35 0 89 69 68 46
1 1 0 0 0 0 1 0 0 0 0 1 0 20 0 0 0 75 34 35 0 104 73 72 48
4 1 0 0 0 0 1 0 0 0 0 1 0 50 0 0 0 64 44 53 0 93 179 151 82
4 1 0 0 0 0 1 0 0 0 0 1 0 70 0 0 0 64 44 53 0 87 156 135 93
4 1 0 0 0 0 1 0 0 0 0 1 0 50 0 0 0 64 44 53 0 91 153 126 85
4 1 0 0 0 0 1 0 0 0 0 1 0 26 0 0 0 69 34 35 0 96 147 107 98
4 1 0 0 0 0 1 0 0 0 0 1 0 45 0 0 0 64 44 53 0 89 147 125 90
4 1 0 0 0 0 1 0 0 0 0 1 0 45 0 0 0 64 44 53 0 80 145 129 76
4 1 0 0 0 0 1 0 0 0 0 1 0 30 0 0 0 69 34 35 0 91 136 96 78
4 1 0 0 0 0 1 0 0 0 0 1 0 40 0 0 0 64 44 53 0 93 159 131 100
4 1 0 0 0 0 1 0 0 0 0 1 0 50 0 0 0 64 44 53 0 106 187 147 87
3 1 0 0 0 0 1 0 0 0 0 1 0 35 0 0 0 69 34 50 0 69 71 51 48
3 1 0 0 0 0 1 0 0 0 0 1 0 34 0 0 0 69 34 15 0 74 74 47 52
3 1 0 0 0 0 1 0 0 0 0 1 0 8 0 0 0 64 44 15 0 101 138 117 101
4 1 0 0 0 0 1 0 0 0 0 1 0 30 0 0 0 69 34 35 0 72 75 74 37
3 1 0 0 0 0 1 0 0 0 0 1 0 32 0 0 0 69 34 30 0 141 207 128 151
3 1 0 0 0 0 1 0 0 0 0 1 0 26 0 0 0 69 34 15 0 68 70 53 45
3 1 0 0 0 0 1 0 0 0 0 1 0 42 0 0 0 69 34 15 0 71 73 47 49
1 1 0 0 0 0 1 0 0 0 0 1 0 50 0 0 0 90 44 53 0 72 163 123 113
1 1 0 0 0 0 1 0 0 0 0 1 0 70 0 0 0 15 44 53 0 104 84 85 56
4 1 0 0 0 0 1 0 0 0 0 1 0 30 0 0 0 69 34 35 0 71 80 79 45
4 1 0 0 0 0 1 0 0 0 0 1 0 26 0 0 0 69 34 35 0 72 73 72 43
2 1 0 0 0 0 1 0 0 0 0 1 0 26 0 0 0 64 20 53 0 64 114 83 56
2 1 0 0 0 0 1 0 0 0 0 1 0 18 0 0 0 64 50 53 0 97 104 73 58
2 1 0 0 0 0 1 0 0 0 0 1 0 35 0 0 0 64 30 53 0 69 66 83 55
3 1 0 0 0 0 1 0 0 0 0 1 0 50 0 0 0 64 44 15 0 89 152 128 100
1 1 0 0 0 0 1 0 0 0 0 1 0 4 0 0 0 15 34 35 0 58 55 56 47
1 1 0 0 0 0 1 0 0 0 0 1 0 30 0 0 0 10 44 53 0 73 77 79 52
4 1 0 0 0 0 1 0 0 0 0 1 0 45 0 0 0 69 34 35 0 70 71 70 36
4 1 0 0 0 0 1 0 0 0 0 1 0 60 0 0 0 69 34 35 0 66 66 61 44
4 1 0 0 0 0 1 0 0 0 0 1 0 4 0 0 0 69 34 35 0 82 68 66 42
1 1 0 0 0 0 1 0 0 0 0 1 0 30 0 0 0 30 34 35 0 102 72 71 46
1 1 0 0 0 0 1 0 0 0 0 1 0 60 0 0 0 20 34 35 0 86 70 69 47
3 1 0 0 0 0 1 0 0 0 0 1 0 4 0 0 0 64 44 30 0 129 152 113 109
2 1 0 0 0 0 1 0 0 0 0 1 0 18 0 0 0 64 10 53 0 58 60 73 53
2 1 0 0 0 0 1 0 0 0 0 1 0 15 0 0 0 64 10 53 0 72 78 65 54
4 1 0 0 0 0 1 0 0 0 0 1 0 26 0 0 0 69 34 35 0 69 70 68 39
1 1 0 0 0 0 1 0 0 0 0 1 0 40 0 0 0 30 34 35 0 122 136 96 90
1 1 0 0 0 0 1 0 0 0 0 1 0 70 0 0 0 5 44 53 0 76 83 84 51
1 1 0 0 0 0 1 0 0 0 0 1 0 45 0 0 0 5 44 53 0 73 81 83 54
3 1 0 0 0 0 1 0 0 0 0 1 0 26 0 0 0 64 44 16 0 125 201 161 137
4 1 0 0 0 0 1 0 0 0 0 1 0 35 0 0 0 69 34 35 0 104 145 106 88
3 1 0 0 0 0 1 0 0 0 0 1 0 4 0 0 0 69 34 5 0 72 57 54 53
3 1 0 0 0 0 1 0 0 0 0 1 0 20 0 0 0 69 34 10 0 67 72 64 46
3 1 0 0 0 0 1 0 0 0 0 1 0 45 0 0 0 69 34 30 0 123 184 119 131
4 1 0 0 0 0 1 0 0 0 0 1 0 40 0 0 0 69 34 35 0 94 135 95 108
1 1 0 0 0 0 1 0 0 0 0 1 0 40 0 0 0 45 34 35 0 141 135 95 95
3 1 0 0 0 0 1 0 0 0 0 1 0 2 0 0 0 69 34 50 0 68 54 57 46
4 1 0 0 0 0 1 0 0 0 0 1 0 20 0 0 0 69 34 35 0 94 100 96 82
4 1 0 0 0 0 1 0 0 0 0 1 0 70 0 0 0 64 44 53 0 87 156 134 94
